0 12 8 12 8 12 14 12 10 12 10 14 12 12 8 14 12 14 10 12 14 6 12 12 14 12 12 10 10 12 10 12 14 14 12 8 12 14 14 12 10 12 10 12 12 12 12 12 12 12 10 10 10 12 10 12 12 8 10 10 12 12 10 12 10 10 14 10 12 12 12 12 12 12 14 8 10 12 14 10 8 12 12 12 12 12 12 12 12 10 12 10 10 10 8 14 10 12 12 8
12 0 14 12 12 14 14 12 14 12 14 12 10 12 14 12 14 14 12 12 14 10 12 14 10 10 10 12 12 14 12 14 12 12 14 8 12 14 12 14 12 14 14 12 14 12 12 14 14 10 10 14 14 14 14 14 10 10 10 14 12 12 12 14 14 14 12 14 14 14 14 12 14 14 14 10 12 8 14 8 12 12 12 12 14 14 12 12 14 12 14 10 12 14 12 12 12 12 12 12
8 14 0 14 12 14 14 14 12 14 14 14 14 12 10 14 12 12 12 14 14 12 12 14 14 14 14 10 10 12 14 14 14 14 14 12 12 14 14 12 12 12 12 12 14 12 14 14 14 14 12 12 8 14 12 14 14 12 14 12 12 14 12 12 14 12 14 10 14 14 14 12 14 14 14 14 14 14 14 14 12 14 14 14 14 12 14 14 14 12 14 14 12 12 12 14 12 14 14 12
12 12 14 0 10 12 12 12 12 12 12 12 10 10 12 12 14 14 10 12 14 10 12 12 12 10 10 14 10 14 8 12 10 12 12 12 14 12 14 14 12 12 12 12 12 12 10 10 12 12 10 12 14 12 12 12 10 10 10 12 12 10 10 14 12 12 14 14 10 12 10 12 12 12 14 12 10 8 14 10 12 12 12 10 12 14 10 8 10 10 12 10 10 14 12 10 14 10 8 10
8 12 12 10 0 12 14 12 10 12 10 12 10 10 12 12 12 14 8 12 14 6 10 12 12 10 10 12 8 12 8 12 12 12 12 8 14 14 14 12 8 12 10 10 12 10 10 12 12 10 8 10 12 12 10 12 10 6 6 10 10 10 8 12 10 10 14 12 12 12 12 10 12 12 14 10 8 10 14 10 10 12 12 10 12 12 10 10 12 6 12 8 8 10 10 12 12 10 10 6
12 14 14 12 12 0 14 10 12 12 12 14 12 12 10 12 14 14 12 10 14 12 14 12 14 12 12 14 12 14 12 12 14 14 12 14 14 14 14 14 14 12 12 14 12 14 12 10 12 14 12 12 14 10 12 12 10 12 12 12 14 12 12 14 12 12 12 14 12 12 12 14 12 12 10 10 12 12 14 12 12 10 12 12 10 14 12 12 12 12 12 12 12 12 12 14 14 12 12 12
14 14 14 12 14 14 0 12 12 14 12 14 14 12 14 12 12 12 14 14 8 14 12 12 14 10 14 14 12 12 8 12 12 14 14 14 14 8 12 14 14 14 14 10 14 12 10 14 14 8 14 10 14 14 12 14 14 14 14 12 8 14 14 12 14 14 12 14 10 12 8 10 12 14 14 12 12 14 12 10 12 12 12 14 12 14 14 12 10 14 12 12 12 14 8 12 12 12 8 14
12 12 14 12 12 10 12 0 10 12 12 14 10 10 8 10 10 12 12 10 12 12 12 10 14 8 12 14 10 12 12 10 14 14 10 14 10 12 8 14 14 12 12 12 12 12 10 12 12 12 12 10 12 12 10 12 8 12 10 10 12 12 12 12 12 12 8 14 8 8 10 12 10 12 12 10 12 12 14 8 10 2 8 12 8 14 12 12 10 12 10 10 10 14 8 14 12 10 10 12
10 14 12 12 10 12 12 10 0 8 12 14 12 10 12 10 10 12 10 12 12 10 8 8 14 10 12 12 8 10 12 10 14 14 12 12 14 12 10 12 12 12 10 10 12 6 10 6 12 14 10 8 12 12 6 12 12 10 12 2 10 12 10 10 12 10 12 14 10 10 10 10 6 12 14 12 12 12 14 10 4 10 10 12 10 8 12 12 10 8 10 12 6 12 8 14 10 8 10 10
12 12 14 12 12 12 14 12 8 0 12 14 12 12 12 14 14 14 12 12 14 12 14 12 12 12 12 12 12 14 12 12 14 14 12 14 14 14 12 14 14 12 12 14 10 12 12 8 12 14 12 12 14 12 10 12 12 12 12 10 14 12 12 14 12 10 14 14 12 12 12 14 10 10 14 12 12 8 14 12 8 12 12 12 12 8 12 12 12 10 12 12 12 14 12 14 14 10 12 12
10 14 14 12 10 12 12 12 12 12 0 14 10 12 10 14 14 14 12 12 10 10 14 12 14 10 12 14 12 12 8 12 14 14 12 12 14 12 14 14 12 12 12 12 12 14 6 12 12 10 12 10 14 12 12 12 10 10 10 12 12 12 12 14 10 12 14 12 12 12 10 12 12 10 14 10 8 12 10 10 12 12 12 12 12 14 12 12 12 12 12 8 12 12 12 14 14 12 10 10
14 12 14 12 12 14 14 14 14 14 14 0 10 10 14 12 14 14 10 12 14 12 12 14 8 10 12 14 12 14 12 14 12 10 14 12 14 14 14 14 12 14 12 12 14 12 12 14 12 12 12 14 14 12 14 14 12 12 12 14 12 12 10 14 14 14 14 14 14 14 14 12 14 14 14 14 12 10 12 12 14 14 14 12 14 14 10 10 14 12 14 10 12 14 14 10 14 12 12 12
12 10 14 10 10 12 14 10 12 12 10 10 0 10 12 12 14 14 8 10 14 10 12 12 8 8 8 14 10 14 10 12 12 8 12 12 12 14 12 14 12 12 10 12 12 12 8 12 10 10 10 12 14 10 12 12 8 10 8 12 12 10 8 14 12 12 12 14 12 12 12 12 12 12 14 10 10 10 12 8 12 10 10 8 12 14 10 8 12 10 12 8 10 14 12 10 14 10 10 10
12 12 12 10 10 12 12 10 10 12 12 10 10 0 12 10 12 8 10 12 12 10 10 10 12 4 10 14 6 12 10 10 12 12 12 12 14 12 12 14 12 10 12 10 12 10 8 12 12 12 10 10 12 12 10 12 10 10 10 10 10 10 10 12 12 12 12 14 10 10 10 10 10 12 14 12 10 10 14 8 10 10 10 10 8 14 8 10 8 10 8 6 8 14 10 12 12 6 8 10
8 14 10 12 12 10 14 8 12 12 10 14 12 12 0 12 14 14 12 12 12 12 14 12 14 12 12 12 12 12 12 12 14 14 10 14 10 14 14 14 14 12 12 14 12 14 12 12 12 14 12 12 12 12 12 12 10 12 12 12 14 12 12 14 12 12 12 12 12 12 12 14 12 12 12 12 12 12 14 12 12 8 12 10 10 14 12 12 12 12 12 12 12 14 12 14 14 12 12 12
14 12 14 12 12 12 12 10 10 14 14 12 12 10 12 0 12 12 12 14 12 12 8 10 12 10 12 14 10 12 12 12 12 12 14 12 14 12 12 14 12 14 14 10 14 8 10 14 14 12 12 12 14 14 12 14 10 12 12 10 10 12 12 12 14 14 8 14 12 12 12 10 10 14 10 14 10 12 14 10 12 10 12 10 10 14 12 12 12 12 12 12 8 14 12 12 12 10 10 12
12 14 12 14 12 14 12 10 10 14 14 14 14 12 14 12 0 12 12 14 12 12 10 12 14 12 14 12 10 10 14 12 14 14 14 12 14 12 8 8 12 14 12 10 14 10 12 14 14 14 10 10 10 14 10 14 14 12 14 10 10 14 12 10 14 12 12 14 10 10 12 10 12 14 14 14 14 14 14 12 10 8 12 14 12 12 14 14 12 12 12 14 8 12 8 14 10 12 12 12
14 14 12 14 14 14 12 12 12 14 14 14 14 8 14 12 12 0 14 14 12 14 12 12 14 12 14 14 10 12 14 12 14 14 14 14 14 12 12 14 14 12 14 12 14 12 12 14 14 14 14 12 12 14 12 14 14 14 14 12 12 14 14 12 14 14 12 12 12 12 12 12 12 14 14 14 14 14 14 12 12 12 12 14 8 14 14 14 8 14 10 14 12 14 12 14 12 10 12 14
10 12 12 10 8 12 14 12 10 12 12 10 8 10 12 12 12 14 0 10 14 8 10 12 10 10 10 12 8 12 10 12 12 8 12 10 14 14 14 12 10 12 6 10 12 10 10 12 10 12 8 10 12 8 10 12 10 8 10 10 10 10 4 12 12 10 14 14 12 12 12 10 12 12 14 12 10 10 12 10 10 12 12 10 12 12 10 8 12 8 12 10 8 12 10 10 12 10 10 8
12 12 14 12 12 10 14 10 12 12 12 12 10 12 12 14 14 14 10 0 14 12 14 10 14 10 12 14 12 14 12 12 14 14 12 14 12 14 12 14 14 12 12 14 12 14 12 12 12 12 12 12 14 12 12 12 10 12 10 10 14 12 10 14 10 12 12 14 12 12 12 14 12 12 12 8 12 10 14 10 12 10 10 12 12 12 12 12 10 12 12 10 12 12 12 14 14 12 12 12
14 14 14 14 14 14 8 12 12 14 10 14 14 12 12 12 12 12 14 14 0 14 12 12 14 10 14 14 12 10 12 12 14 14 14 14 14 10 12 14 14 14 14 10 14 12 10 14 14 12 14 10 14 14 12 14 14 14 14 12 10 14 14 12 14 14 12 14 12 12 10 10 12 14 14 14 12 14 12 10 12 12 12 14 12 14 14 14 12 14 12 12 12 14 10 14 12 12 10 14
6 10 12 10 6 12 14 12 10 12 10 12 10 10 12 12 12 14 8 12 14 0 10 12 12 10 10 12 8 12 8 12 10 12 12 6 14 14 14 12 8 12 10 10 12 10 10 12 12 10 8 10 12 12 10 12 8 6 8 10 10 10 8 12 10 10 14 10 12 12 12 10 12 12 14 8 8 10 14 8 8 12 12 10 12 12 10 10 12 8 12 8 8 10 8 12 10 10 10 6
12 12 12 12 10 14 12 12 8 14 14 12 12 10 14 8 10 12 10 14 12 10 0 10 12 10 12 12 8 8 12 12 12 12 14 10 14 12 12 12 8 14 10 8 14 6 10 14 14 12 10 10 12 14 10 14 12 10 12 8 8 12 10 10 14 12 12 14 12 12 12 6 10 14 14 14 10 12 14 10 10 12 12 12 12 12 12 12 12 10 12 12 6 12 10 12 10 10 10 10
12 14 14 12 12 12 12 10 8 12 12 14 12 10 12 10 12 12 12 10 12 12 10 0 14 10 12 14 10 12 12 10 14 14 12 14 14 12 12 14 14 12 12 12 12 10 10 12 12 14 12 10 14 12 10 12 12 12 12 6 12 12 12 12 12 12 12 14 10 10 10 12 8 12 14 12 12 12 14 10 10 10 10 12 10 12 12 12 8 12 10 12 8 14 10 14 12 10 10 12
14 10 14 12 12 14 14 14 14 12 14 8 8 12 14 12 14 14 10 14 14 12 12 14 0 12 10 14 12 14 12 14 12 8 14 12 14 14 14 14 12 14 12 12 14 12 12 14 12 12 12 14 14 12 14 14 12 12 12 14 12 12 10 14 14 14 14 14 14 14 14 12 14 14 14 14 12 10 12 12 14 14 14 10 14 14 12 10 14 12 14 12 12 14 14 10 14 12 12 12
12 10 14 10 10 12 10 8 10 12 10 10 8 4 12 10 12 12 10 10 10 10 10 10 12 0 10 14 8 12 8 10 12 12 12 12 12 10 10 14 12 12 12 8 12 10 6 12 12 8 10 8 14 12 10 12 8 10 8 10 8 10 10 12 12 12 10 14 10 10 8 8 10 12 14 10 8 10 12 4 10 8 8 10 10 14 8 10 10 10 10 2 8 14 10 12 12 8 6 10
12 10 14 10 10 12 14 12 12 12 12 12 8 10 12 12 14 14 10 12 14 10 12 12 10 10 0 10 10 14 10 12 12 10 12 10 14 14 14 14 12 12 12 12 12 12 10 12 12 12 4 12 14 12 12 12 10 4 10 12 12 10 10 14 12 12 14 12 12 12 12 12 12 12 14 12 10 8 14 10 12 12 12 8 12 14 10 10 12 10 12 10 10 14 12 12 14 10 10 10
10 12 10 14 12 14 14 14 12 12 14 14 14 14 12 14 12 14 12 14 14 12 12 14 14 14 10 0 12 12 14 14 14 14 12 10 12 14 14 12 12 14 12 12 14 12 14 14 14 14 10 12 10 14 12 14 14 10 14 12 12 14 12 12 14 10 14 12 14 14 14 12 14 14 14 14 14 12 14 14 12 14 14 14 14 10 14 14 14 12 14 14 12 12 12 14 12 14 14 12
10 12 10 10 8 12 12 10 8 12 12 12 10 6 12 10 10 10 8 12 12 8 8 10 12 8 10 12 0 10 10 10 12 12 12 10 14 12 12 12 10 10 10 8 12 8 8 12 12 12 8 8 10 12 8 12 10 8 10 8 8 10 8 10 12 10 12 14 10 8 10 8 10 12 14 12 10 10 14 8 8 10 10 10 10 12 10 10 10 8 10 10 6 12 8 12 10 8 8 8
12 14 12 14 12 14 12 12 10 14 12 14 14 12 12 12 10 12 12 14 10 12 8 12 14 12 14 12 10 0 14 12 14 14 14 12 14 12 12 12 12 14 12 10 14 10 12 14 14 14 12 10 12 14 10 14 14 12 14 10 10 14 12 10 14 10 12 14 12 12 12 10 12 14 14 14 14 14 14 12 10 12 12 14 12 12 14 14 12 12 12 14 10 12 10 14 10 12 12 12
10 12 14 8 8 12 8 12 12 12 8 12 10 10 12 12 14 14 10 12 12 8 12 12 12 8 10 14 10 14 0 12 10 12 12 10 14 10 14 14 10 12 12 10 12 12 8 12 12 6 10 10 14 12 12 12 10 8 8 12 8 10 10 14 10 12 14 12 8 12 8 10 12 12 14 8 6 10 12 8 12 12 12 10 12 14 10 8 10 10 12 6 10 12 10 10 14 10 6 8
12 14 14 12 12 12 12 10 10 12 12 14 12 10 12 12 12 12 12 12 12 12 12 10 14 10 12 14 10 12 12 0 14 14 12 14 14 12 12 14 14 12 12 12 12 12 10 12 12 14 12 8 14 12 8 8 12 12 12 10 12 12 12 12 10 12 12 14 10 10 10 12 10 12 12 12 12 12 14 10 10 10 10 12 10 14 12 12 10 12 10 12 10 12 10 14 12 8 10 12
14 12 14 10 12 14 12 14 14 14 14 12 12 12 14 12 14 14 12 14 14 10 12 14 12 12 12 14 12 14 10 14 0 12 14 12 14 12 14 14 10 14 14 12 14 12 12 14 14 12 12 14 14 14 14 14 10 12 12 14 12 12 12 14 14 14 14 14 12 14 12 12 14 14 14 14 12 12 14 12 14 14 14 12 14 14 12 6 12 12 14 12 12 14 14 10 14 12 8 12
14 12 14 12 12 14 14 14 14 14 14 10 8 12 14 12 14 14 8 14 14 12 12 14 8 12 10 14 12 14 12 14 12 0 14 12 14 14 14 14 12 14 8 12 14 12 12 14 12 12 12 14 14 10 14 14 12 12 12 14 12 12 10 14 14 14 14 14 14 14 14 12 14 14 14 14 12 12 12 12 14 14 14 10 14 14 8 10 14 12 14 12 12 14 14 10 14 12 12 12
12 14 14 12 12 12 14 10 12 12 12 14 12 12 10 14 14 14 12 12 14 12 14 12 14 12 12 12 12 14 12 12 14 14 0 14 12 14 14 14 14 10 12 14 12 14 12 12 10 14 12 12 14 12 12 12 12 12 12 12 14 12 12 14 12 10 14 14 12 12 10 12 10 12 14 12 10 12 14 12 12 10 12 12 12 14 12 12 12 12 12 12 12 14 12 14 14 12 12 12
8 8 12 12 8 14 14 14 12 14 12 12 12 12 14 12 12 14 10 14 14 6 10 14 12 12 10 10 10 12 10 14 12 12 14 0 14 14 14 12 8 14 12 10 14 10 12 14 14 10 8 12 12 14 12 14 12 6 10 12 10 12 10 12 12 12 14 12 14 14 14 10 14 14 14 10 10 10 14 10 10 14 14 12 14 12 12 12 14 10 14 10 10 10 10 12 10 12 12 8
12 12 12 14 14 14 14 10 14 14 14 14 12 14 10 14 14 14 14 12 14 14 14 14 14 12 14 12 14 14 14 14 14 14 12 14 0 14 12 14 14 14 14 14 14 14 14 14 14 10 14 14 12 14 14 12 12 14 12 14 14 14 14 14 14 14 12 12 14 14 14 14 14 14 14 12 14 14 14 12 14 10 12 14 14 14 14 14 14 14 14 12 14 14 14 14 14 14 14 14
14 14 14 12 14 14 8 12 12 14 12 14 14 12 14 12 12 12 14 14 10 14 12 12 14 10 14 14 12 12 10 12 12 14 14 14 14 0 12 14 14 14 14 10 14 12 10 14 12 12 14 10 14 14 10 14 14 14 14 12 10 14 14 12 14 14 12 14 10 12 8 10 12 14 14 14 12 14 12 10 12 12 12 14 12 14 14 12 10 14 12 12 12 14 12 12 12 12 8 14
14 12 14 14 14 14 12 8 10 12 14 14 12 12 14 12 8 12 14 12 12 14 12 12 14 10 14 14 12 12 14 12 14 14 14 14 12 12 0 14 14 14 14 12 14 12 12 12 14 12 14 12 12 14 10 14 12 14 12 12 12 14 14 12 14 14 10 14 10 10 12 12 10 14 14 12 14 14 14 10 10 6 10 14 12 14 14 14 12 14 12 12 12 14 10 14 12 12 12 14
12 14 12 14 12 14 14 14 12 14 14 14 14 14 14 14 8 14 12 14 14 12 12 14 14 14 14 12 12 12 14 14 14 14 14 12 14 14 14 0 12 14 12 12 14 12 14 14 14 14 10 12 12 14 12 14 14 12 14 12 12 14 12 12 14 12 14 14 14 14 14 12 14 14 14 14 14 14 14 14 12 14 14 12 14 12 12 14 14 12 14 14 10 12 12 14 12 14 14 10
10 12 12 12 8 14 14 14 12 14 12 12 12 12 14 12 12 14 10 14 14 8 8 14 12 12 12 12 10 12 10 14 10 12 14 8 14 14 14 12 0 14 10 10 14 10 12 14 14 10 10 12 12 14 12 14 12 8 10 12 10 12 10 12 12 12 14 12 14 14 14 8 14 14 14 12 8 12 14 12 12 14 14 12 14 12 12 12 14 10 14 10 10 10 12 12 12 12 12 8
12 14 12 12 12 12 14 12 12 12 12 14 12 10 12 14 14 12 12 12 14 12 14 12 14 12 12 14 10 14 12 12 14 14 10 14 14 14 14 14 14 0 12 14 12 14 12 12 8 14 12 12 12 12 12 12 12 12 12 12 14 12 12 12 12 12 12 14 12 12 12 14 10 12 14 12 12 12 14 12 12 12 12 12 10 14 12 12 10 12 12 12 12 14 12 14 12 12 12 12
10 14 12 12 10 12 14 12 10 12 12 12 10 12 12 14 12 14 6 12 14 10 10 12 12 12 12 12 10 12 12 12 14 8 12 12 14 14 14 12 10 12 0 12 12 12 12 12 10 14 10 10 10 8 10 12 12 10 12 10 12 12 8 12 12 10 14 14 12 12 12 10 12 12 14 12 10 12 12 12 10 12 12 12 12 12 10 10 12 10 12 12 10 12 10 12 12 12 12 10
12 12 12 12 10 14 10 12 10 14 12 12 12 10 14 10 10 12 10 14 10 10 8 12 12 8 12 12 8 10 10 12 12 12 14 10 14 10 12 12 10 14 12 0 14 8 8 14 14 10 10 8 12 14 10 14 12 10 12 10 6 12 10 10 14 12 12 14 12 12 10 6 12 14 14 14 10 12 12 8 10 12 12 12 12 12 12 12 12 10 12 10 8 12 10 12 10 10 8 10
12 14 14 12 12 12 14 12 12 10 12 14 12 12 12 14 14 14 12 12 14 12 14 12 14 12 12 14 12 14 12 12 14 14 12 14 14 14 14 14 14 12 12 14 0 12 10 10 12 12 10 12 14 12 12 12 10 10 10 12 12 8 10 14 12 10 14 14 12 12 10 12 12 6 14 12 10 8 14 8 12 12 12 10 12 12 10 10 12 10 12 10 10 14 12 8 14 10 10 10
12 12 12 12 10 14 12 12 6 12 14 12 12 10 14 8 10 12 10 14 12 10 6 10 12 10 12 12 8 10 12 12 12 12 14 10 14 12 12 12 10 14 12 8 12 0 10 12 14 12 10 10 12 14 10 14 12 10 12 6 8 12 10 10 14 12 12 14 12 12 12 8 10 14 14 14 12 12 14 10 8 12 12 12 12 10 12 12 12 8 12 12 6 12 10 12 10 8 10 10
12 12 14 10 10 12 10 10 10 12 6 12 8 8 12 10 12 12 10 12 10 10 10 10 12 6 10 14 8 12 8 10 12 12 12 12 14 10 12 14 12 12 12 8 10 10 0 12 12 10 10 6 14 12 10 10 8 10 10 10 8 10 8 12 12 12 12 14 10 10 8 8 10 12 14 12 8 10 12 6 10 10 10 10 10 14 10 10 10 10 10 8 8 14 10 12 12 8 6 10
12 14 14 10 12 10 14 12 6 8 12 14 12 12 12 14 14 14 12 12 14 12 14 12 14 12 12 14 12 14 12 12 14 14 12 14 14 14 12 14 14 12 12 14 10 12 12 0 12 14 12 12 14 10 10 12 12 12 12 8 14 10 12 14 12 12 14 14 12 12 12 14 10 10 14 12 12 12 14 12 8 12 12 12 12 10 12 12 12 10 12 12 12 14 12 14 14 10 12 12
12 14 14 12 12 12 14 12 12 12 12 12 10 12 12 14 14 14 10 12 14 12 14 12 12 12 12 14 12 14 12 12 14 12 10 14 14 12 14 14 14 8 10 14 12 14 12 12 0 14 12 12 14 10 12 12 12 12 12 12 14 12 10 14 12 12 14 14 12 12 12 14 10 12 14 12 12 12 12 12 12 12 12 12 12 14 12 10 12 12 12 12 12 14 12 12 14 12 12 12
12 10 14 12 10 14 8 12 14 14 10 12 10 12 14 12 14 14 12 12 12 10 12 14 12 8 12 14 12 14 6 14 12 12 14 10 10 12 12 14 10 14 14 10 12 12 10 14 14 0 12 12 14 14 14 14 10 10 8 14 8 12 12 14 12 14 12 12 14 14 12 10 14 14 14 8 8 12 12 8 14 12 12 12 14 14 12 12 14 12 14 6 12 12 12 12 14 12 10 10
10 10 12 10 8 12 14 12 10 12 12 12 10 10 12 12 10 14 8 12 14 8 10 12 12 10 4 10 8 12 10 12 12 12 12 8 14 14 14 10 10 12 10 10 10 10 10 12 12 12 0 10 12 12 10 12 10 2 10 10 10 10 8 12 12 10 14 12 12 12 12 10 12 12 14 12 10 8 14 10 10 12 12 10 12 12 10 10 12 8 12 10 6 12 10 12 12 10 10 8
10 14 12 12 10 12 10 10 8 12 10 14 12 10 12 12 10 12 10 12 10 10 10 10 14 8 12 12 8 10 10 8 14 14 12 12 14 10 12 12 12 12 10 8 12 10 6 12 12 12 10 0 12 12 6 8 12 10 12 8 8 12 8 10 10 10 12 14 10 10 8 8 10 12 14 12 10 12 12 8 8 10 10 12 10 12 12 12 10 10 10 10 8 10 8 14 10 10 8 10
10 14 8 14 12 14 14 12 12 14 14 14 14 12 12 14 10 12 12 14 14 12 12 14 14 14 14 10 10 12 14 14 14 14 14 12 12 14 12 12 12 12 10 12 14 12 14 14 14 14 12 12 0 14 12 14 14 12 14 12 12 14 12 12 14 12 14 12 12 12 14 12 14 14 14 14 14 14 14 14 12 12 14 14 14 12 14 14 14 12 14 14 12 12 10 14 12 14 14 12
12 14 14 12 12 10 14 12 12 12 12 12 10 12 12 14 14 14 8 12 14 12 14 12 12 12 12 14 12 14 12 12 14 10 12 14 14 14 14 14 14 12 8 14 12 14 12 10 10 14 12 12 14 0 12 12 12 12 12 12 14 12 10 12 10 12 14 14 12 12 10 14 12 12 14 12 12 12 10 12 12 12 12 12 12 14 12 10 12 12 8 12 12 14 12 12 14 12 12 12
10 14 12 12 10 12 12 10 6 10 12 14 12 10 12 12 10 12 10 12 12 10 10 10 14 10 12 12 8 10 12 8 14 14 12 12 14 10 10 12 12 12 10 10 12 10 10 10 12 14 10 6 12 12 0 10 12 10 12 8 10 12 10 10 10 10 12 14 10 10 10 10 8 12 14 12 12 12 14 10 6 10 10 12 10 12 12 12 10 10 10 12 8 10 8 14 10 10 10 10
12 14 14 12 12 12 14 12 12 12 12 14 12 12 12 14 14 14 12 12 14 12 14 12 14 12 12 14 12 14 12 8 14 14 12 14 12 14 14 14 14 12 12 14 12 14 10 12 12 14 12 8 14 12 10 0 12 12 12 12 14 10 10 14 10 12 14 14 10 10 12 14 12 12 14 12 12 12 14 12 12 12 12 12 12 14 12 12 12 12 12 12 12 10 12 14 14 10 12 10
12 10 14 10 10 10 14 8 12 12 10 12 8 10 10 10 14 14 10 10 14 8 12 12 12 8 10 14 10 14 10 12 10 12 12 12 12 14 12 14 12 12 12 12 10 12 8 12 12 10 10 12 14 12 12 12 0 10 8 12 12 10 10 14 12 12 10 14 12 12 12 12 12 12 12 10 10 10 14 8 10 8 10 10 10 14 10 10 12 10 12 8 10 14 12 12 14 10 10 10
8 10 12 10 6 12 14 12 10 12 10 12 10 10 12 12 12 14 8 12 14 6 10 12 12 10 4 10 8 12 8 12 12 12 12 6 14 14 14 12 8 12 10 10 10 10 10 12 12 10 2 10 12 12 10 12 10 0 8 10 10 10 8 12 10 10 14 10 12 12 12 10 12 12 14 10 8 8 14 10 10 12 12 10 12 12 10 10 12 8 12 8 8 10 10 12 12 10 10 6
10 10 14 10 6 12 14 10 12 12 10 12 8 10 12 12 14 14 10 10 14 8 12 12 12 8 10 14 10 14 8 12 12 12 12 10 12 14 12 14 10 12 12 12 10 12 10 12 12 8 10 12 14 12 12 12 8 8 0 12 12 10 10 14 10 12 12 12 12 12 12 12 12 12 14 8 8 10 14 8 12 10 10 10 12 14 10 10 12 10 12 6 10 12 12 12 14 10 10 8
10 14 12 12 10 12 12 10 2 10 12 14 12 10 12 10 10 12 10 10 12 10 8 6 14 10 12 12 8 10 12 10 14 14 12 12 14 12 12 12 12 12 10 10 12 6 10 8 12 14 10 8 12 12 8 12 12 10 12 0 10 12 10 10 12 10 12 14 10 10 10 10 8 12 14 12 12 12 14 10 6 10 10 12 10 6 12 12 8 8 10 12 6 12 8 14 10 8 10 10
12 12 12 12 10 14 8 12 10 14 12 12 12 10 14 10 10 12 10 14 10 10 8 12 12 8 12 12 8 10 8 12 12 12 14 10 14 10 12 12 10 14 12 6 12 8 8 14 14 8 10 8 12 14 10 14 12 10 12 10 0 12 10 10 14 12 12 14 12 12 10 6 12 14 14 12 10 12 12 8 10 12 12 12 12 12 12 12 12 10 12 10 8 10 8 12 10 10 8 8
12 12 14 10 10 12 14 12 12 12 12 12 10 10 12 12 14 14 10 12 14 10 12 12 12 10 10 14 10 14 10 12 12 12 12 12 14 14 14 14 12 12 12 12 8 12 10 10 12 12 10 12 14 12 12 10 10 10 10 12 12 0 10 14 12 12 14 14 10 8 12 12 12 10 14 12 10 10 14 10 12 12 10 10 12 14 10 10 12 10 12 10 10 14 12 12 14 10 10 10
10 12 12 10 8 12 14 12 10 12 12 10 8 10 12 12 12 14 4 10 14 8 10 12 10 10 10 12 8 12 10 12 12 10 12 10 14 14 14 12 10 12 8 10 10 10 8 12 10 12 8 8 12 10 10 10 10 8 10 10 10 10 0 12 12 10 14 14 12 12 12 10 12 12 14 12 10 10 12 10 10 12 12 10 12 12 10 8 12 8 12 10 8 12 10 10 12 10 10 8
12 14 12 14 12 14 12 12 10 14 14 14 14 12 14 12 10 12 12 14 12 12 10 12 14 12 14 12 10 10 14 12 14 14 14 12 14 12 12 12 12 12 12 10 14 10 12 14 14 14 12 10 12 12 10 14 14 12 14 10 10 14 12 0 14 12 8 14 12 12 10 10 12 14 14 12 14 14 14 12 10 12 12 14 12 12 14 14 12 12 10 14 10 12 10 14 8 12 12 12
10 14 14 12 10 12 14 12 12 12 10 14 12 12 12 14 14 14 12 10 14 10 14 12 14 12 12 14 12 14 10 10 14 14 12 12 14 14 14 14 12 12 12 14 12 14 12 12 12 12 12 10 14 10 10 10 12 10 10 12 14 12 12 14 0 12 14 10 12 12 12 14 12 12 14 10 10 12 12 12 12 12 12 12 12 14 12 12 12 12 10 10 12 10 12 14 14 12 12 10
10 14 12 12 10 12 14 12 10 10 12 14 12 12 12 14 12 14 10 12 14 10 12 12 14 12 12 10 10 10 12 12 14 14 10 12 14 14 14 12 12 12 10 12 10 12 12 12 12 14 10 10 12 12 10 12 12 10 12 10 12 12 10 12 12 0 14 14 12 12 12 12 12 10 14 12 12 10 14 12 10 12 12 12 12 10 12 12 12 10 12 12 10 12 10 14 12 12 12 10
14 12 14 14 14 12 12 8 12 14 14 14 12 12 12 8 12 12 14 12 12 14 12 12 14 10 14 14 12 12 14 12 14 14 14 14 12 12 10 14 14 12 14 12 14 12 12 14 14 12 14 12 14 14 12 14 10 14 12 12 12 14 14 8 14 14 0 14 12 12 12 12 12 14 10 12 14 14 14 10 12 8 10 14 10 14 14 14 12 14 12 12 12 14 12 14 10 12 12 14
10 14 10 14 12 14 14 14 14 14 12 14 14 14 12 14 14 12 14 14 14 10 14 14 14 14 12 12 14 14 12 14 14 14 14 12 12 14 14 14 12 14 14 14 14 14 14 14 14 12 12 14 12 14 14 14 14 10 12 14 14 14 14 14 10 14 14 0 14 14 14 14 14 14 14 12 12 14 14 14 14 14 14 14 14 14 14 14 14 14 14 12 14 12 14 14 14 14 14 12
12 14 14 10 12 12 10 8 10 12 12 14 12 10 12 12 10 12 12 12 12 12 12 10 14 10 12 14 10 12 8 10 12 14 12 14 14 10 10 14 14 12 12 12 12 12 10 12 12 14 12 10 12 12 10 10 12 12 12 10 12 10 12 12 12 12 12 14 0 6 8 12 10 12 14 12 12 12 14 10 10 8 10 12 10 14 12 10 8 12 10 12 10 14 8 12 12 10 8 12
12 14 14 12 12 12 12 8 10 12 12 14 12 10 12 12 10 12 12 12 12 12 12 10 14 10 12 14 8 12 12 10 14 14 12 14 14 12 10 14 14 12 12 12 12 12 10 12 12 14 12 10 12 12 10 10 12 12 12 10 12 8 12 12 12 12 12 14 6 0 10 12 10 12 14 12 12 12 14 10 10 8 6 12 10 14 12 12 10 12 10 12 10 14 8 14 12 10 10 12
12 14 14 10 12 12 8 10 10 12 10 14 12 10 12 12 12 12 12 12 10 12 12 10 14 8 12 14 10 12 8 10 12 14 10 14 14 8 12 14 14 12 12 10 10 12 8 12 12 12 12 8 14 10 10 12 12 12 12 10 10 12 12 10 12 12 12 14 8 10 0 10 10 12 14 12 10 12 12 8 10 10 10 12 10 14 12 10 8 12 8 10 10 14 10 10 12 10 6 12
12 12 12 12 10 14 10 12 10 14 12 12 12 10 14 10 10 12 10 14 10 10 6 12 12 8 12 12 8 10 10 12 12 12 12 10 14 10 12 12 8 14 10 6 12 8 8 14 14 10 10 8 12 14 10 14 12 10 12 10 6 12 10 10 14 12 12 14 12 12 10 0 12 14 14 14 6 12 12 8 10 12 12 12 12 12 12 12 12 10 12 10 8 12 10 12 10 10 8 10
12 14 14 12 12 12 12 10 6 10 12 14 12 10 12 10 12 12 12 12 12 12 10 8 14 10 12 14 10 12 12 10 14 14 10 14 14 12 10 14 14 10 12 12 12 10 10 10 10 14 12 10 14 12 8 12 12 12 12 8 12 12 12 12 12 12 12 14 10 10 10 12 0 12 14 12 12 12 14 10 8 10 10 12 10 14 12 12 10 12 10 12 8 14 10 14 12 8 10 12
12 14 14 12 12 12 14 12 12 10 10 14 12 12 12 14 14 14 12 12 14 12 14 12 14 12 12 14 12 14 12 12 14 14 12 14 14 14 14 14 14 12 12 14 6 14 12 10 12 14 12 12 14 12 12 12 12 12 12 12 14 10 12 14 12 10 14 14 12 12 12 14 12 0 14 12 12 10 12 12 12 12 12 12 12 12 12 12 12 12 12 12 12 14 12 14 14 12 12 12
14 14 14 14 14 10 14 12 14 14 14 14 14 14 12 10 14 14 14 12 14 14 14 14 14 14 14 14 14 14 14 12 14 14 14 14 14 14 14 14 14 14 14 14 14 14 14 14 14 14 14 14 14 14 14 14 12 14 14 14 14 14 14 14 14 14 10 14 14 14 14 14 14 14 0 12 14 14 14 14 14 12 14 14 12 14 14 14 14 14 14 14 14 12 14 14 14 14 14 14
8 10 14 12 10 10 12 10 12 12 10 14 10 12 12 14 14 14 12 8 14 8 14 12 14 10 12 14 12 14 8 12 14 14 12 10 12 14 12 14 12 12 12 14 12 14 12 12 12 8 12 12 14 12 12 12 10 10 8 12 12 12 12 12 10 12 12 12 12 12 12 14 12 12 12 0 10 12 14 8 10 10 10 12 12 14 12 12 12 12 12 8 12 10 8 14 12 12 12 10
10 12 14 10 8 12 12 12 12 12 8 12 10 10 12 10 14 14 10 12 12 8 10 12 12 8 10 14 10 14 6 12 12 12 10 10 14 12 14 14 8 12 10 10 10 12 8 12 12 8 10 10 14 12 12 12 10 8 8 12 10 10 10 14 10 12 14 12 12 12 10 6 12 12 14 10 0 10 12 8 12 12 12 8 12 14 10 10 12 10 12 6 10 12 12 12 14 10 8 8
12 8 14 8 10 12 14 12 12 8 12 10 10 10 12 12 14 14 10 10 14 10 12 12 10 10 8 12 10 14 10 12 12 12 12 10 14 14 14 14 12 12 12 12 8 12 10 12 12 12 8 12 14 12 12 12 10 8 10 12 12 10 10 14 12 10 14 14 12 12 12 12 12 10 14 12 10 0 14 10 12 12 12 10 12 12 10 10 12 10 12 10 10 14 12 12 14 10 10 10
14 14 14 14 14 14 12 14 14 14 10 12 12 14 14 14 14 14 12 14 12 14 14 14 12 12 14 14 14 14 12 14 14 12 14 14 14 12 14 14 14 14 12 12 14 14 12 14 12 12 14 12 14 10 14 14 14 14 14 14 12 14 12 14 12 14 14 14 14 14 12 12 14 12 14 14 12 14 0 12 14 14 14 14 14 14 14 12 14 14 12 12 14 14 14 12 14 14 12 14
10 8 14 10 10 12 10 8 10 12 10 12 8 8 12 10 12 12 10 10 10 8 10 10 12 4 10 14 8 12 8 10 12 12 12 10 12 10 10 14 12 12 12 8 8 10 6 12 12 8 10 8 14 12 10 12 8 10 8 10 8 10 10 12 12 12 10 14 10 10 8 8 10 12 14 8 8 10 12 0 8 8 8 10 10 14 10 10 10 10 10 6 8 14 8 10 10 8 6 10
8 12 12 12 10 12 12 10 4 8 12 14 12 10 12 12 10 12 10 12 12 8 10 10 14 10 12 12 8 10 12 10 14 14 12 10 14 12 10 12 12 12 10 10 12 8 10 8 12 14 10 8 12 12 6 12 10 10 12 6 10 12 10 10 12 10 12 14 10 10 10 10 8 12 14 10 12 12 14 8 0 10 10 12 10 10 12 12 10 8 10 12 8 12 6 14 8 8 10 10
12 12 14 12 12 10 12 2 10 12 12 14 10 10 8 10 8 12 12 10 12 12 12 10 14 8 12 14 10 12 12 10 14 14 10 14 10 12 6 14 14 12 12 12 12 12 10 12 12 12 12 10 12 12 10 12 8 12 10 10 12 12 12 12 12 12 8 14 8 8 10 12 10 12 12 10 12 12 14 8 10 0 8 12 8 14 12 12 10 12 10 10 10 14 8 14 12 10 10 12
12 12 14 12 12 12 12 8 10 12 12 14 10 10 12 12 12 12 12 10 12 12 12 10 14 8 12 14 10 12 12 10 14 14 12 14 12 12 10 14 14 12 12 12 12 12 10 12 12 12 12 10 14 12 10 12 10 12 10 10 12 10 12 12 12 12 10 14 10 6 10 12 10 12 14 10 12 12 14 8 10 8 0 12 10 14 12 12 10 12 10 10 10 14 10 14 12 10 10 12
12 12 14 10 10 12 14 12 12 12 12 12 8 10 10 10 14 14 10 12 14 10 12 12 10 10 8 14 10 14 10 12 12 10 12 12 14 14 14 12 12 12 12 12 10 12 10 12 12 12 10 12 14 12 12 12 10 10 10 12 12 10 10 14 12 12 14 14 12 12 12 12 12 12 14 12 8 10 14 10 12 12 12 0 12 14 8 10 12 10 12 10 10 14 12 12 14 10 10 8
12 14 14 12 12 10 12 8 10 12 12 14 12 8 10 10 12 8 12 12 12 12 12 10 14 10 12 14 10 12 12 10 14 14 12 14 14 12 12 14 14 10 12 12 12 12 10 12 12 14 12 10 14 12 10 12 10 12 12 10 12 12 12 12 12 12 10 14 10 10 10 12 10 12 12 12 12 12 14 10 10 8 10 12 0 14 12 12 6 12 8 12 10 14 10 14 12 8 10 12
12 14 12 14 12 14 14 14 8 8 14 14 14 14 14 14 12 14 12 12 14 12 12 12 14 14 14 10 12 12 14 14 14 14 14 12 14 14 14 12 12 14 12 12 12 10 14 10 14 14 12 12 12 14 12 14 14 12 14 6 12 14 12 12 14 10 14 14 14 14 14 12 14 12 14 14 14 12 14 14 10 14 14 14 14 0 14 14 12 10 14 14 12 12 12 14 12 12 14 12
12 12 14 10 10 12 14 12 12 12 12 10 10 8 12 12 14 14 10 12 14 10 12 12 12 8 10 14 10 14 10 12 12 8 12 12 14 14 14 12 12 12 10 12 10 12 10 12 12 12 10 12 14 12 12 12 10 10 10 12 12 10 10 14 12 12 14 14 12 12 12 12 12 12 14 12 10 10 14 10 12 12 12 8 12 14 0 10 12 10 12 8 10 14 12 12 14 10 10 8
12 12 14 8 10 12 12 12 12 12 12 10 8 10 12 12 14 14 8 12 14 10 12 12 10 10 10 14 10 14 8 12 6 10 12 12 14 12 14 14 12 12 10 12 10 12 10 12 10 12 10 12 14 10 12 12 10 10 10 12 12 10 8 14 12 12 14 14 10 12 10 12 12 12 14 12 10 10 12 10 12 12 12 10 12 14 10 0 10 10 12 10 10 14 12 8 14 10 8 10
12 14 14 10 12 12 10 10 10 12 12 14 12 8 12 12 12 8 12 10 12 12 12 8 14 10 12 14 10 12 10 10 12 14 12 14 14 10 12 14 14 10 12 12 12 12 10 12 12 14 12 10 14 12 10 12 12 12 12 8 12 12 12 12 12 12 12 14 8 10 8 12 10 12 14 12 12 12 14 10 10 10 10 12 6 12 12 10 0 12 8 12 10 14 10 12 12 8 8 12
10 12 12 10 6 12 14 12 8 10 12 12 10 10 12 12 12 14 8 12 14 8 10 12 12 10 10 12 8 12 10 12 12 12 12 10 14 14 14 12 10 12 10 10 10 8 10 10 12 12 8 10 12 12 10 12 10 8 10 8 10 10 8 12 12 10 14 14 12 12 12 10 12 12 14 12 10 10 14 10 8 12 12 10 12 10 10 10 12 0 12 10 8 12 10 12 12 8 10 8
12 14 14 12 12 12 12 10 10 12 12 14 12 8 12 12 12 10 12 12 12 12 12 10 14 10 12 14 10 12 12 10 14 14 12 14 14 12 12 14 14 12 12 12 12 12 10 12 12 14 12 10 14 8 10 12 12 12 12 10 12 12 12 10 10 12 12 14 10 10 8 12 10 12 14 12 12 12 12 10 10 10 10 12 8 14 12 12 8 12 0 12 10 14 10 14 12 8 8 12
10 10 14 10 8 12 12 10 12 12 8 10 8 6 12 12 14 14 10 10 12 8 12 12 12 2 10 14 10 14 6 12 12 12 12 10 12 12 12 14 10 12 12 10 10 12 8 12 12 6 10 10 14 12 12 12 8 8 6 12 10 10 10 14 10 12 12 12 12 12 10 10 12 12 14 8 6 10 12 6 12 10 10 10 12 14 8 10 12 10 12 0 10 12 12 12 14 10 8 8
10 12 12 10 8 12 12 10 6 12 12 12 10 8 12 8 8 12 8 12 12 8 6 8 12 8 10 12 6 10 10 10 12 12 12 10 14 12 12 10 10 12 10 8 10 6 8 12 12 12 6 8 12 12 8 12 10 8 10 6 8 10 8 10 12 10 12 14 10 10 10 8 8 12 14 12 10 10 14 8 8 10 10 10 10 12 10 10 10 8 10 10 0 12 8 12 10 8 8 8
10 14 12 14 10 12 14 14 12 14 12 14 14 14 14 14 12 14 12 12 14 10 12 14 14 14 14 12 12 12 12 12 14 14 14 10 14 14 14 12 10 14 12 12 14 12 14 14 14 12 12 10 12 14 10 10 14 10 12 12 10 14 12 12 10 12 14 12 14 14 14 12 14 14 12 10 12 14 14 14 12 14 14 14 14 12 14 14 14 12 14 12 12 0 12 14 12 14 14 8
8 12 12 12 10 12 8 8 8 12 12 14 12 10 12 12 8 12 10 12 10 8 10 10 14 10 12 12 8 10 10 10 14 14 12 10 14 12 10 12 12 12 10 10 12 10 10 12 12 12 10 8 10 12 8 12 12 10 12 8 8 12 10 10 12 10 12 14 8 8 10 10 10 12 14 8 12 12 14 8 6 8 10 12 10 12 12 12 10 10 10 12 8 12 0 14 8 10 10 10
14 12 14 10 12 14 12 14 14 14 14 10 10 12 14 12 14 14 10 14 14 12 12 14 10 12 12 14 12 14 10 14 10 10 14 12 14 12 14 14 12 14 12 12 8 12 12 14 12 12 12 14 14 12 14 14 12 12 12 14 12 12 10 14 14 14 14 14 12 14 10 12 14 14 14 14 12 12 12 10 14 14 14 12 14 14 12 8 12 12 14 12 12 14 14 0 14 12 10 12
10 12 12 14 12 14 12 12 10 14 14 14 14 12 14 12 10 12 12 14 12 10 10 12 14 12 14 12 10 10 14 12 14 14 14 10 14 12 12 12 12 12 12 10 14 10 12 14 14 14 12 10 12 14 10 14 14 12 14 10 10 14 12 8 14 12 10 14 12 12 12 10 12 14 14 12 14 14 14 10 8 12 12 14 12 12 14 14 12 12 12 14 10 12 8 14 0 12 12 12
12 12 14 10 10 12 12 10 8 10 12 12 10 6 12 10 12 10 10 12 12 10 10 10 12 8 10 14 8 12 10 8 12 12 12 12 14 12 12 14 12 12 12 10 10 8 8 10 12 12 10 10 14 12 10 10 10 10 10 8 10 10 10 12 12 12 12 14 10 10 10 10 8 12 14 12 10 10 14 8 8 10 10 10 8 12 10 10 8 8 8 10 8 14 10 12 12 0 8 10
12 12 14 8 10 12 8 10 10 12 10 12 10 8 12 10 12 12 10 12 10 10 10 10 12 6 10 14 8 12 6 10 8 12 12 12 14 8 12 14 12 12 12 8 10 10 6 12 12 10 10 8 14 12 10 12 10 10 10 10 8 10 10 12 12 12 12 14 8 10 6 8 10 12 14 12 8 10 12 6 10 10 10 10 10 14 10 8 8 10 8 8 8 14 10 10 12 8 0 10
8 12 12 10 6 12 14 12 10 12 10 12 10 10 12 12 12 14 8 12 14 6 10 12 12 10 10 12 8 12 8 12 12 12 12 8 14 14 14 10 8 12 10 10 10 10 10 12 12 10 8 10 12 12 10 10 10 6 8 10 8 10 8 12 10 10 14 12 12 12 12 10 12 12 14 10 8 10 14 10 10 12 12 8 12 12 8 10 12 8 12 8 8 8 10 12 12 10 10 0
